16790060083
16790043787
16790041486
16790041498
16790041491
16789803071
16789788280
16789785984
16789785989
16789785987
16789735278
16789727421
16789724687
16789723672
16789723680
16789720323
16789716438
16789716439
16789716452
16789574499
16789562474
16789559989
16789560009
16789559981
16789077325
16789063591
16789060857
16789060863
16789060855
16787640749
16787623756
16787620363
16787620376
16787620372
16787250280
16787234234
16787230500
16787230497
16787230502
16786633040
16786632613
16786630480
16786613883
16786613882
16786612473
16786612460
16786610914
16786610924
16786595951
16786594579
16786588296
16786587355
16786575158
16786575154
16786574304
16786573041
16786573044
16786567030
16786567024
16786562234
16786562216
16784441702
16784418596
16784418585
16779427724
16779401729
16779401720
16778562918
16778559496
16778542178
16778538718
16778537389
16778537351
16778537379
16778535247
16778535254
16778535251
16777600181
16777590839
16777587467
16777570671
16777568915
16777568909
16777568086
16777567900
16777565299
16777565315
16777557888
16777546664
16777542551
16777542548
16777542545
16777536629
16777533169
16777533207
16777533174
16776908475
16776883345
16776880226
16776880215
16776880220
16776522428
16776490037
16776490053
16776480247
16776452399
16776452385
16776452397
16776203143
16776191525
16776191535
16776191528
16776005562
16775992349
16775992338
16775992364
16771052085
16771047433
16771040559
16771040568
16760389900
16760389060
16760366893
16760366558
16760366552
16683300208
16683299638
16683294625
16683278801
16683278790
16683278502
16683278505
16683273232
16683273237
16683270666
16683250020
16683250017
16683110512
16683092093
16683092109
16671061229
16671038734
16670846602
16670846803
16670829781
16670825647
16670680192
16670664545
16670597033
16670577494
16670490503
16670489075
16670480118
16670475262
16670467282
16670465381
16670462660
16670457668
16670316260
16670313845
16670299232
16670297115
16670296583
16670293669
16670289474
16670288451
16670287255
16670284641
16670277677
16670274617
16670272935
16670271682
16670269568
16670266102
16670238959
16670220439
16669979020
16669973101
16669959215
16669957320
16669952932
16669943821
16669938284
16669928235
16669906017
16669885904
16669587558
16669571352
16669454312
16669437594
16669371232
16669355242
16669313401
16669296684
16669265602
16669247898
16668918784
16668903675
16668725400
16668710775
16668708896
16668693581
16661775591
16661764489
16661764476
16661751087
16659068206
16659054459
16659052102
16659050818
16659039736
16658943316
16658810645
16658759620
16658709125
16658703625
16658689036
16658658787
16658606988
16658581476
16658315244
16658134098
16658045731
16657838088
16657573569
16656804595
16656471902
16656214744
16656162975
16656039573
16655950668
16655760016
16655562400
16655450890
16655348934
16655252978
16655186420
16654971534
16654917538
16654848427
16654753196
16654426994
16640638928
16640638913
16639728503
16639728492
16639461000
16639460998
16606966107
16606966093
16606042159
16606042155
16605047533
16605047537
16603665943
16603665942
16603665923
16603665934
16603572797
16603572822
16603391002
16603391009
16575048214
16575048213
16574377916
16574377938
16573735287
16573735297
16573735285
16573735291
16573707196
16573707197
16569068956
16569068958
16569016223
16559608744
16559483189
16558942910
16558792142
16558661241
16558402377
16554979234
16554919722
16554399869
16554252966
16549931794
16549875290
